# Created by Octave 4.0.2, Wed Dec 21 16:04:23 2016 CST <superuser@min18x64-vm>
# name: B
# type: matrix
# rows: 3
# columns: 3
 0.4798511510119493 0.2250766659805726 0.3157602916323028
 0.3908341936446011 0.3179845008530705 0.9376273695311186
 0.7925598550775137 0.2801772927715121 0.8846505044267063


# name: D
# type: diagonal matrix
# rows: 2
# columns: 2
0.58999124877846
1.285090355043158


# name: E
# type: matrix
# rows: 2
# columns: 100
 0.0004646108026210571 -0.5811618948217812 0.2380139481261161 -0.648271284318354 -0.6999231970804149 -0.09442760601962569 -0.8861075003920043 0.02659221377745657 -0.7877361534088523 0.4222087458757369 0.7946202628473626 0.7680960181208463 -0.09865039184575564 0.08490569456223529 1.011935916216175 -0.3681289191553828 0.9800430429911511 -0.6335631329192666 -1.423921376964662 -1.150705686108579 0.1972068354318132 -0.7041769983326021 0.6709906195934215 -0.05654210124758319 0.291513779178064 1.207912541775115 -0.2167204508727638 0.1002403471689695 -0.4401017089080773 -0.9157870401221715 0.06579149145785076 1.108337369104822 -0.5619714244969037 0.9050266291110487 0.5853676347092055 1.11056758697673 0.328242108559077 0.003543756537125575 -1.366848238695161 0.249184522041765 0.7335495977701455 0.04074231326985045 -1.973903631320784 -0.117263289834334 -0.1463475170650412 0.04802495405630561 -0.3775982496560533 1.541686753213018 0.1872540019710227 -0.927761289961518 0.4859197699610671 -0.1157212576398377 1.206928728572468 -0.3883034099777768 -0.04394951250445203 -0.4564882385627429 -0.4767752047125009 0.02584545599616517 0.9776507366822729 0.963649943477858 -1.165928146304112 -1.230721066222743 -1.461002834120668 0.05581453993277619 0.1301020758696202 0.1672325621425272 -0.7571868230108829 -0.6621386789516905 0.3787130359010382 0.5241063340792309 0.8203651113618716 0.7302533886825742 -0.3706046051186526 -0.8332255621335675 -0.183716732004593 -0.09787831359096333 0.6425921385648413 -0.6956219890817679 -1.033930897568471 1.034040409907181 0.8858439510302907 -0.8602088200635067 1.338512748019659 1.006589533773157 1.326861063086535 -0.6779335102944977 0.6829307575759186 -0.169816779099652 0.9618494570370704 -0.09335155597988043 -0.9812946255793111 -0.652847083983163 1.230661140668944 -0.1076719099982263 0.107155659330779 0.7596123320956997 -0.2761899525536962 1.017272290602809 -1.349211642104279 -0.843228224888142
 0.318693459608685 0.7810062851371922 -1.884669884198488 -0.288004017656232 0.1840561223660439 -0.3698469734687263 1.481293002222181 -1.554641245182794 -1.207574667397974 1.007475373871247 0.07242209725662541 0.3045541423886009 1.112495923644268 1.758097050522468 1.495549013239927 -1.526442146204152 -0.6193451779820357 0.9836357152052464 0.08787966393722746 -1.740105795028337 -1.663434065403762 -0.369486876856522 -0.3458470903498749 -1.723166200946028 -0.9664921324697517 -1.702596015817753 0.789677956022041 -1.528225058959084 1.071299875024839 0.3254199007493392 0.4885861457111794 -0.3109679918014663 0.6188507277901554 1.223863907269392 0.2158674432983123 -0.3015918314513467 0.02965782291550884 1.97294688288135 0.6902505460523651 -1.641236499999266 -0.1344843600123948 1.994643118014371 0.4208709234357568 0.08070749314720058 1.361076248289602 0.5086269083677781 -1.372703795408855 0.6889217172273294 0.01043556993473747 1.437837106653192 -0.6715730611030364 -0.3219613350526432 -1.459670424806237 0.7890162474683085 -0.225734367836431 -1.644160096953984 3.200700515498504 -2.109643441871663 -0.2440175650106352 0.1122438297848208 1.036174785070905 -0.7911560187057909 -0.2774777919158601 -1.667488259765624 1.569791329347042 0.2761020613199784 0.3569953599649716 -0.3302949272358957 2.479648883392736 -0.8847888806294112 -0.2016606418273076 1.499144168638829 -0.6610584306800742 -0.1480229833914252 1.066857594752094 -1.069112202913921 -0.9669009087640905 0.1385225687179565 -1.528576815263216 0.9028737920991446 -0.9344960169116401 -0.9830522376058504 0.2944770078616902 -0.9661809827990487 -0.4373020538141577 -1.80523958206144 -0.2487830596141959 1.103729173059682 1.033661941350085 1.580754422179023 -0.9761816030549221 1.50280152566586 -0.1349069913110034 -1.449661018563171 0.7212431009707057 -0.6624870936343197 0.2414669918410042 2.301443713986855 0.3012171127163236 -0.9731136481788778


# name: V
# type: matrix
# rows: 2
# columns: 2
 -0.7327234890479596 0.6805264789832829
 0.6805264789832829 0.7327234890479596


# name: X
# type: matrix
# rows: 100
# columns: 2
 -1.806165707187632 2.10466630293539
 -1.065378185318019 2.047601531532334
 -3.479670784734262 0.6518688401341897
 -1.743695376655074 1.2186428561005
 -1.384599381962341 1.529381914613373
 -2.205205947553935 1.535579888263355
 -0.3653737233781527 2.35319449896866
 -3.100163886208746 0.7498104875426865
 -2.267298367620585 0.4499423048916098
 -1.646453210423452 2.896361041620145
 -2.555656390496876 2.464661440710876
 -2.378249450023649 2.616699591868389
 -1.193338220771726 2.618853630231692
 -0.8884854151385166 3.216815517630363
 -1.746413124977554 3.655309016363253
 -2.791752206946796 0.5018544469592481
 -3.162285965006831 2.083972420883348
 -0.8890878747261945 2.160412444458752
 -0.9195595361488278 0.9662112322822027
 -2.363743598438021 -0.1872661390387065
 -3.299213621953561 0.7862032004645156
 -1.758183190093901 1.120893132496497
 -2.749713304451143 2.074052536385022
 -3.153935115610354 0.5697531912775193
 -2.894027095141378 1.361047297599063
 -4.066432177731459 1.445320315145372
 -1.326511690027852 2.301967521125164
 -3.136150689270257 0.8192857525804815
 -0.9711838223088045 2.356301655207648
 -1.130229079370527 1.486061414490377
 -1.738415775631609 2.273607336735405
 -3.046431390551661 2.397235314708037
 -1.189790644179886 1.941845968984719
 -1.852967087676585 3.383484356869893
 -2.304713718446742 2.427365260905375
 -3.041684798182653 2.405623169949385
 -2.243032383114651 2.11594436919652
 -0.6826586121077161 3.318872083210247
 -0.5514490297047046 1.446422308557573
 -3.322192862812323 0.8378400700904352
 -2.651713802547209 2.271496014760001
 -0.6951500058821987 3.360084027152701
 -0.2899652504638051 0.8359242627041796
 -1.881859460878098 1.85017144154672
 -0.9892239236880829 2.768535116331391
 -1.711759546711613 2.276201075130731
 -2.680190787511976 0.6080580176105075
 -2.683505240195217 3.42478372150749
 -2.152808337880316 2.005913633170198
 -0.3644259009553388 2.293006836795594
 -2.835772693777515 1.709439852958481
 -2.157016143939038 1.556175926557076
 -3.900394017583044 1.622648090835593
 -1.201239135763438 2.184715924711673
 -2.14411998826681 1.675526258723713
 -2.807119440677643 0.3554688828406056
 0.5048012296988889 3.891606237104679
 -3.477310409982428 0.342639153111981
 -2.90511268706069 2.357355751206764
 -2.652408664416688 2.60886893291201
 -0.4632572964470534 1.836620566949374
 -1.659328999930517 0.4535990671060297
 -1.141024504484488 0.6732703290058959
 -3.198371152485198 0.6870113960150903
 -1.049748894746327 3.109596826836912
 -1.957345076667176 2.18694859171046
 -1.22495124773378 1.617129142451876
 -1.76231449466458 1.178218184035781
 -0.6127298271650512 3.945457169640751
 -3.008851897198749 1.579198581778699
 -2.761040807104321 2.281354630953012
 -1.537571122154274 3.466250852517253
 -2.201021680794931 1.134256652511685
 -1.512914232527298 1.195343964473068
 -1.162066206477675 2.527523457703212
 -2.678546037532356 1.020863531700826
 -3.151548638652769 1.599665897367146
 -1.41873776703396 1.498945496250288
 -2.305356157127484 0.04719444872876544
 -2.165940788142042 3.236084653717956
 -3.307732568445511 1.78894902223091
 -2.061402483849571 0.5651355943573992
 -2.803064943444274 2.997499527449422
 -3.417768151392057 1.84790326975231
 -3.292522508442743 2.453378540044291
 -2.754480143377795 0.08674278943951386
 -2.692407480940916 2.15329921170653
 -1.147158943107566 2.563999415215886
 -2.024039982574875 3.282788347792086
 -0.8785584950134071 2.965563629168951
 -1.968004421218524 0.4877677727950041
 -0.5216519898187626 2.527694189175465
 -3.016246718495581 2.60948391083117
 -2.930343584997542 0.7353616740656208
 -1.61039505446329 2.472229964263077
 -3.030130421381636 1.90235239037693
 -1.656009066458407 1.859809900130273
 -1.201890528706401 4.249438537371676
 -0.8291193308886604 1.173370544906523
 -2.067081091523777 0.5839735769242773


# name: Xc
# type: matrix
# rows: 100
# columns: 2
 0.2165389066941537 0.233830363614846
 0.9573264285637662 0.1767655922117894
 -1.456966170852477 -1.218967099186355
 0.2790092372267114 -0.6521930832200447
 0.6381052319194445 -0.3414540247071713
 -0.1825013336721497 -0.3352560510571898
 1.657330890503633 0.482358559648115
 -1.077459272326961 -1.121025451777858
 -0.2445937537387994 -1.420893634428935
 0.3762514034583333 1.025525102299601
 -0.5329517766150902 0.5938255013903317
 -0.3555448361418634 0.7458636525478441
 0.8293663931100594 0.7480176909111473
 1.134219198743269 1.345979578309818
 0.2762914889042318 1.784473077042708
 -0.7690475930650109 -1.368981492361296
 -1.139581351125045 0.2131364815628034
 1.133616739155591 0.2895765051382071
 1.103145077732958 -0.9046247070383417
 -0.3410389845562358 -2.058102078359251
 -1.276509008071775 -1.084632738856029
 0.2645214237878846 -0.7499428068240475
 -0.7270086905693578 0.2032165970644773
 -1.131230501728568 -1.301082748043025
 -0.8713224812595923 -0.5097886417214812
 -2.043727563849673 -0.4255156241751723
 0.6961929238539337 0.4311315818046197
 -1.113446075388471 -1.051550186740063
 1.051520791572981 0.4854657158871039
 0.8924755345112585 -0.3847745248301673
 0.2842888382501767 0.4027713974148601
 -1.023726776669876 0.5263993753874923
 0.8329139697018999 0.07101002966417402
 0.1697375262052008 1.512648417549348
 -0.2820091045649566 0.5565293215848302
 -1.018980184300868 0.5347872306288401
 -0.2203277692328651 0.2451084298759754
 1.340046001774069 1.448036143889703
 1.471255584177081 -0.4244136307629711
 -1.299488248930538 -1.032995869230109
 -0.6290091886654237 0.4006600754394567
 1.327554607999587 1.489248087832156
 1.73273936341798 -1.034911676616365
 0.1408451530036872 -0.0206644977738244
 1.033480690193703 0.8976991770108462
 0.3109450671701728 0.4053651358101868
 -0.6574861736301907 -1.262777921710037
 -0.6608006263134318 1.553947782186945
 -0.1301037239985305 0.1350776938496536
 1.658278712926447 0.4221708974750493
 -0.8130680798957295 -0.1613960863620636
 -0.1343115300572526 -0.314660012763468
 -1.877689403701258 -0.2481878484849513
 0.8214654781183475 0.3138799853911287
 -0.1214153743850246 -0.1953096805968317
 -0.7844148267958575 -1.515367056479939
 2.527505843580674 2.020770297784135
 -1.454605796100642 -1.528196786208563
 -0.882408073178905 0.48651981188622
 -0.6297040505349023 0.7380329935914656
 1.559447317434732 -0.03421537237117067
 0.3633756139512687 -1.417236872214515
 0.8816801093972972 -1.197565610314649
 -1.175666538603412 -1.183824543305454
 0.9729557191354588 1.238760887516368
 0.06535953721460919 0.3161126523899154
 0.7977533661480058 -0.2537067968686681
 0.2603901192172058 -0.6926177552847639
 1.409974786716734 2.074621230320206
 -0.9861472833169631 -0.2916373575418456
 -0.7383361932225352 0.4105186916324675
 0.4851334917275116 1.595414913196708
 -0.1783170669131451 -0.7365792868088594
 0.5097903813544875 -0.6754919748474766
 0.8606384074041109 0.6566875183826673
 -0.6558414236505707 -0.8499724076197182
 -1.128844024770983 -0.271170041953398
 0.6039668468478254 -0.3718904430702563
 -0.2826515432456982 -1.823641490591779
 -0.1432361742602564 1.365248714397412
 -1.285027954563725 -0.08188691708963458
 -0.03869786996778579 -1.305700344963145
 -0.7803603295624884 1.126663588128878
 -1.395063537510271 -0.02293266956823459
 -1.269817894560958 0.5825426007237469
 -0.73177552949601 -1.784093149881031
 -0.6697028670591303 0.2824632723859857
 0.8755456707742195 0.6931634758953411
 -0.001335368693089922 1.411952408471541
 1.144146118868378 1.094727689848406
 0.05470019266326109 -1.38306816652554
 1.501052624063023 0.65685824985492
 -0.993542104613796 0.738647971510626
 -0.9076389711157562 -1.135474265254924
 0.4123095594184958 0.6013940249425325
 -1.007425807499851 0.03151645105638567
 0.3666955474233784 -0.01102603919027101
 0.820814085175384 2.378602598051131
 1.193585282993125 -0.6974653944140214
 -0.04437647764199193 -1.286862362396267


# name: Z
# type: matrix
# rows: 100
# columns: 2
 0.0006048762301854529 0.2811294343032118
 -0.7566139531928773 0.6889499878581388
 0.3098700651424674 -1.662526049463306
 -0.8439835845052217 -0.2540573209759784
 -0.9112291459453106 0.162361642514858
 -0.1229351836684989 -0.3262535433192947
 -1.153622260508065 1.306694728731983
 0.03462037027820194 -1.371397500090928
 -1.025552725349268 -1.065239253862711
 0.5496730448709309 0.8887254300060383
 1.034515138926093 0.06388578936576469
 0.9999832574713751 0.2686567018649726
 -0.1284328233208282 0.9813673304207936
 0.1105386189007108 1.550872207639298
 1.317438119684306 1.319270400406452
 -0.4792665852467661 -1.346522195924159
 1.27591682741709 -0.5463436863069113
 -0.824835060361815 0.8676957240215359
 -1.853801482272784 0.07752139074257877
 -1.498102311740731 -1.535001560385727
 0.2567433355183719 -1.467367037848389
 -0.9167671645425227 -0.3259358908735627
 0.8735618590437728 -0.3050824983507834
 -0.07361209179050683 -1.520058616443504
 0.3795214291221697 -0.8525728353300713
 1.572579846488369 -1.501913014975169
 -0.2821480873636229 0.6965995390391218
 0.1305027841926878 -1.348094958838156
 -0.5729678713467526 0.9450270118647488
 -1.192262016631568 0.2870630376945957
 0.0856538614832017 0.4309970682198063
 1.442943052154086 -0.2743145583498808
 -0.7316299035751906 0.5459075163807852
 1.178253050824196 1.079608500084154
 0.7620894007586556 0.1904234002588278
 1.445846570047432 -0.2660435550528509
 0.427337995787574 0.02616209001947968
 0.004613612259506304 1.740397941569817
 -1.779498034039219 0.608891521581437
 0.3244130215287325 -1.44778587351343
 0.9550073154780994 -0.1186328458052978
 0.05304236733342147 1.75953686684599
 -2.569822700047092 0.3712633599868839
 -0.1526649322271298 0.07119459533421976
 -0.1905296517427366 1.200647782966821
 0.06252362837998968 0.4486756496239317
 -0.4915946949319327 -1.210904804707973
 2.007120080182304 0.6077193202556652
 0.2437857539265018 0.009205541513109861
 -1.207851277710438 1.26836092874296
 0.6326183484510129 -0.5924155299358637
 -0.1506573624173674 -0.2840121290910539
 1.571299021294752 -1.287620779223934
 -0.5055317299350046 0.6960158252986113
 -0.05721781605638569 -0.1991273219430686
 -0.5943014740684708 -1.450364869514852
 -0.620713050246509 2.82343768962484
 0.03364816724490827 -1.860982237047134
 1.272802286787816 -0.2152555000523694
 1.254574671404538 0.09901378086069992
 -1.517920413871112 0.9140420751775511
 -1.602274236300536 -0.6979033842032413
 -1.902077785552376 -0.2447718091510034
 0.07266488061322353 -1.470943369063046
 0.1693797319118791 1.384761861555925
 0.2177198661382174 0.2435582343112539
 -0.9857805898294558 0.3149167344665798
 -0.8620375284535461 -0.2913634505115441
 0.4930460337676314 2.187375569974808
 0.6823333891199428 -0.7804998502151241
 1.068032325414873 -0.1778911378593871
 0.9507159849374719 1.322441799043771
 -0.4824896777451276 -0.5831402467017984
 -1.0847753303932 -0.1305756874828912
 -0.2391805865253743 0.9411083379715764
 -0.1274276555943519 -0.9430971981066044
 0.8365899116618887 -0.8529334296407457
 -0.9056294085634247 0.122195075574264
 -1.346073358745305 -1.348405254038173
 1.346215932723835 0.7964531143240035
 1.153279145919506 -0.8243480644866505
 -1.11990480057062 -0.8671810202442818
 1.742608093720221 0.2597673473974341
 1.310477670983979 -0.8522983605070995
 1.727438779494428 -0.3857577722472235
 -0.8826007998737427 -1.592458104128814
 0.8891067099383345 -0.2194592913812503
 -0.2210842550034542 0.9736339064730654
 1.252230620330694 0.9118254174068082
 -0.1215342754505665 1.394432747459429
 -1.277546261243039 -0.8611202193512284
 -0.8499408124381912 1.325668067676069
 1.602196219296048 -0.119005662047095
 -0.140177926662876 -1.278791169986646
 0.1395058205564432 0.6362310203038226
 0.9889383571117226 -0.5844005148247469
 -0.3595713581632664 0.2130055599588145
 1.324385538908388 2.03017523543861
 -1.756536970716947 0.265713003976813
 -1.097797784681113 -0.8584138807278091


# name: ans
# type: diagonal matrix
# rows: 2
# columns: 2
1.301898765102107
0.8821311697089829


# name: c
# type: scalar
1.13198824


# name: covx
# type: matrix
# rows: 2
# columns: 2
 0.9119029670791259 0.3466026446922164
 0.3466026446922164 0.9631786367424919


# name: defpage
# type: matrix
# rows: 491
# columns: 1
 0.03846153846153846
 0.02666666666666667
 0.01333333333333333
 0.01282051282051282
 0.03846153846153846
 0.06666666666666667
 0.07142857142857142
 0.1
 0.2
 0.1428571428571428
 0.01923076923076923
 0.01923076923076923
 0.0196078431372549
 0.01388888888888889
 0.05555555555555555
 0.6666666666666666
 0.1
 0.05555555555555555
 0.1666666666666667
 0.1666666666666667
 0.1666666666666667
 0.125
 0.07142857142857142
 0.03125
 0.03125
 0.03846153846153846
 0.01923076923076923
 0.08333333333333333
 0.01111111111111111
 0.05555555555555555
 0.025
 0.1
 0.1428571428571428
 0.07142857142857142
 0.0625
 0.0625
 0.25
 0.125
 0.04788213627992634
 0.02564102564102564
 0.07407407407407407
 0.2962962962962963
 0.1111111111111111
 0.04065040650406504
 0.04054054054054054
 0.03385416666666666
 0.07051282051282051
 0.03703703703703703
 0.1230769230769231
 0.03846153846153846
 0.09230769230769231
 0.01149425287356322
 0.01724137931034483
 0.06666666666666667
 0.06666666666666667
 0.2
 0.2
 0.25
 0.03571428571428571
 0.07692307692307693
 0.125
 0.03333333333333333
 0.02083333333333333
 0.02083333333333333
 0.5833333333333334
 0.05714285714285714
 0.02857142857142857
 0.05555555555555555
 0.01666666666666667
 0.08333333333333333
 0.01666666666666667
 0.06944444444444445
 0.02380952380952381
 0.1818181818181818
 0.0303030303030303
 0.0303030303030303
 0.002645502645502645
 0.01474926253687316
 0.002949852507374631
 0.02064896755162242
 0.1592920353982301
 0.005899705014749262
 0.04270462633451957
 0.003558718861209964
 0.06405693950177936
 0.01666666666666667
 0.01111111111111111
 0.01111111111111111
 0.06666666666666667
 0.01111111111111111
 0.01234567901234568
 0.02469135802469136
 0.01234567901234568
 0.01234567901234568
 0.02469135802469136
 0.06172839506172839
 0.04347826086956522
 0.2608695652173913
 0.1739130434782609
 0.2173913043478261
 0.08695652173913043
 0.125
 0.01388888888888889
 0.01041666666666667
 0.03125
 0.2395833333333333
 0.04166666666666666
 0.03125
 0.02083333333333333
 0.02083333333333333
 0.04166666666666666
 0.02083333333333333
 0.125
 0.125
 0.007751937984496124
 0.007751937984496124
 0.01550387596899225
 0.06976744186046512
 0.08527131782945736
 0.01550387596899225
 0.08333333333333333
 0.04166666666666666
 0.04166666666666666
 0.9583333333333334
 0.04166666666666666
 0.08333333333333333
 0.01179245283018868
 0.0625
 0.01754385964912281
 0.03508771929824561
 0.03289473684210526
 0.01973684210526316
 0.07236842105263158
 0.006578947368421052
 0.05555555555555555
 0.125
 0.008
 0.032
 0.02419354838709677
 0.004504504504504504
 0.04054054054054054
 0.01
 0.04
 0.004830917874396135
 0.03381642512077294
 0.01515151515151515
 0.02564102564102564
 0.03448275862068965
 0.0196078431372549
 0.009803921568627451
 0.01690821256038647
 0.002415458937198068
 0.01282051282051282
 0.007575757575757576
 0.01724137931034483
 0.125
 0.001353179972936401
 0.001353179972936401
 0.006765899864682003
 0.006765899864682003
 0.0303030303030303
 0.2121212121212121
 0.05555555555555555
 0.03508771929824561
 0.08771929824561403
 0.1666666666666667
 0.02631578947368421
 0.25
 0.1666666666666667
 0.1333333333333333
 0.04545454545454546
 0.01195219123505976
 0.00796812749003984
 0.00796812749003984
 0.00398406374501992
 0.125
 0.125
 0.25
 0.1666666666666667
 0.03846153846153846
 0.0119047619047619
 0.04166666666666666
 0.125
 0.125
 0.25
 0.125
 0.03703703703703703
 0.2962962962962963
 0.07407407407407407
 0.03703703703703703
 0.08333333333333333
 0.08333333333333333
 0.02777777777777778
 0.125
 0.08333333333333333
 0.5
 0.25
 0.25
 0.375
 0.625
 0.125
 0.1666666666666667
 0.5
 0.625
 0.125
 0.24
 0.24
 0.1666666666666667
 0.1
 0.05
 0.08333333333333333
 0.1428571428571428
 0.6666666666666666
 0.1666666666666667
 0.3333333333333333
 0.08333333333333333
 0.2
 0.2296296296296296
 0.2222222222222222
 0.007407407407407408
 0.04444444444444445
 0.06666666666666667
 0.007407407407407408
 0.1666666666666667
 0.04166666666666666
 0.0625
 0.02083333333333333
 0.04166666666666666
 0.25
 0.04641350210970464
 0.064
 0.002666666666666667
 0.002666666666666667
 0.04266666666666667
 0.04266666666666667
 0.1653333333333333
 0.0625
 0.02083333333333333
 0.0625
 0.03448275862068965
 0.2137931034482759
 0.5254237288135594
 0.1610169491525424
 0.008474576271186441
 0.05185185185185185
 0.007352941176470588
 0.1544117647058824
 0.1397058823529412
 0.01470588235294118
 0.2011834319526627
 0.005917159763313609
 0.136094674556213
 0.1949685534591195
 0.03144654088050314
 0.1886792452830189
 0.2727272727272727
 0.3333333333333333
 0.06060606060606061
 0.03225806451612903
 0.3548387096774194
 0.1612903225806452
 0.01785714285714286
 0.02976190476190476
 0.005952380952380952
 0.0119047619047619
 0.007042253521126761
 0.03755868544600939
 0.002347417840375587
 0.002347417840375587
 0.02941176470588235
 0.02941176470588235
 0.0196078431372549
 0.02941176470588235
 0.04166666666666666
 0.1666666666666667
 0.06481481481481481
 0.1296296296296296
 0.02777777777777778
 0.05555555555555555
 0.09615384615384616
 0.3461538461538461
 0.1730769230769231
 0.4090909090909091
 0.4545454545454545
 0.1363636363636364
 0.03296703296703297
 0.06593406593406594
 0.02197802197802198
 0.01818181818181818
 0.1272727272727273
 0.1
 0.002976190476190476
 0.1132075471698113
 0.09433962264150944
 0.05660377358490566
 0.009302325581395349
 0.02790697674418605
 0.02790697674418605
 0.004651162790697674
 0.3333333333333333
 0.140625
 0.03125
 0.1875
 0.01360544217687075
 0.006802721088435374
 0.02040816326530612
 0.08333333333333333
 0.0015625
 0.0015625
 0.02752293577981652
 0.01834862385321101
 0.07339449541284404
 0.3235294117647059
 0.02941176470588235
 0.02941176470588235
 0.2058823529411765
 0.008
 0.144
 0.08799999999999999
 0.048
 0.05084745762711865
 0.09322033898305085
 0.008474576271186441
 0.06363636363636363
 0.00909090909090909
 0.06363636363636363
 0.05454545454545454
 0.2941176470588235
 0.05882352941176471
 0.06666666666666667
 0.1333333333333333
 0.2666666666666667
 0.06666666666666667
 0.01666666666666667
 0.05
 0.4
 0.01515151515151515
 0.04545454545454546
 0.01515151515151515
 0.1666666666666667
 0.08333333333333333
 0.08333333333333333
 0.5
 1
 0.1111111111111111
 0.006024096385542169
 0.006024096385542169
 0.06060606060606061
 0.04545454545454546
 0.06060606060606061
 0.0975609756097561
 0.1951219512195122
 0.07317073170731707
 0.1927710843373494
 0.0963855421686747
 0.03846153846153846
 0.1025641025641026
 0.1794871794871795
 0.196969696969697
 0.01515151515151515
 0.1666666666666667
 0.03355704697986577
 0.02013422818791946
 0.2903225806451613
 0.01075268817204301
 0.2258064516129032
 0.3
 0.1666666666666667
 2
 0.08
 0.04
 0.04
 0.1
 0.1
 0.6
 0.0670391061452514
 0.00558659217877095
 0.03910614525139665
 0.1208791208791209
 0.06593406593406594
 0.05494505494505494
 0.08208955223880597
 0.1194029850746269
 0.07462686567164178
 0.06716417910447761
 0.02564102564102564
 0.01666666666666667
 0.03125
 0.2666666666666667
 0.03333333333333333
 0.4
 0.05555555555555555
 0.1111111111111111
 0.02083333333333333
 0.01785714285714286
 0.02564102564102564
 0.05555555555555555
 0.2777777777777778
 0.04166666666666666
 0.01388888888888889
 0.02777777777777778
 0.2777777777777778
 0.06944444444444445
 0.05555555555555555
 0.3194444444444444
 0.05555555555555555
 0.04166666666666666
 0.05555555555555555
 0.4305555555555556
 0.1111111111111111
 0.1111111111111111
 0.1666666666666667
 0.2222222222222222
 0.03125
 0.05
 0.08333333333333333
 0.1
 0.01111111111111111
 0.02222222222222222
 0.1
 0.03703703703703703
 0.2222222222222222
 0.1458333333333333
 0.04166666666666666
 0.08333333333333333
 0.01515151515151515
 0.01515151515151515
 0.04545454545454546
 0.03846153846153846
 0.08974358974358974
 0.01111111111111111
 0.008333333333333333
 0.08333333333333333
 0.08333333333333333
 0.02083333333333333
 0.02083333333333333
 0.05714285714285714
 0.02857142857142857
 0.007142857142857143
 0.02439024390243903
 0.02090592334494774
 0.04301075268817205
 0.005376344086021506
 0.04301075268817205
 0.108695652173913
 0.03985507246376811
 0.02011494252873563
 0.02298850574712644
 0.002873563218390805
 0.04629629629629629
 0.08333333333333333
 0.03409090909090909
 0.001893939393939394
 0.00946969696969697
 0.009615384615384616
 0.003205128205128205
 0.1666666666666667
 0.005952380952380952
 0.0119047619047619
 0.08333333333333333
 0.06666666666666667
 0.0528169014084507
 0.00528169014084507
 0.05405405405405406
 0.04054054054054054
 0.3513513513513514
 0.3333333333333333
 0.003246753246753247
 0.003246753246753247
 0.04220779220779221
 0.006493506493506494
 0.03246753246753246
 0.04504504504504504
 0.05405405405405406
 0.01801801801801802
 0.02702702702702703
 0.01351351351351351
 0.004504504504504504
 0.04504504504504504
 0.01801801801801802
 0.05405405405405406
 0.1016949152542373
 0.1111111111111111
 0.4444444444444444
 0.1111111111111111
 0.3333333333333333
 0.0131578947368421
 0.07894736842105263
 0.1666666666666667
 0.1666666666666667
 0.01388888888888889


# name: defsloc
# type: matrix
# rows: 426
# columns: 1
 0.005
 0.002
 0.002
 0.003278688524590164
 0.002777777777777778
 0.01388888888888889
 0.008
 0.004
 0.004444444444444444
 0.005714285714285714
 0.007142857142857143
 0.01052631578947368
 0.01694915254237288
 0.001379310344827586
 0.01666666666666667
 0.04081632653061224
 0.002898550724637681
 0.01538461538461539
 0.01379310344827586
 0.001484230055658627
 0.001855287569573284
 0.01428571428571429
 0.03125
 0.125
 0.01287001287001287
 0.01
 0.003215434083601286
 0.005263157894736842
 0.003448275862068965
 0.005714285714285714
 0.0125
 0.0125
 0.001923076923076923
 0.004
 0.03333333333333333
 0.008333333333333333
 0.0001785714285714286
 0.003225806451612903
 0.0196078431372549
 0.006134969325153374
 0.0125
 0.002012072434607646
 0.002012072434607646
 0.007142857142857143
 0.005291005291005291
 0.002061855670103093
 0.008108108108108109
 0.006451612903225806
 0.003225806451612903
 0.002631578947368421
 0.0025
 0.001044932079414838
 0.003144654088050315
 0.00423728813559322
 0.0004870920603994155
 0.0004870920603994155
 0.00625
 0.01666666666666667
 0.01666666666666667
 0.01
 0.006172839506172839
 0.001890359168241966
 0.002770083102493075
 0.01941747572815534
 0.0015625
 0.000936768149882904
 0.002941176470588235
 0.00516795865633075
 0.0008271298593879239
 0.003389830508474576
 0.00909090909090909
 0.01851851851851852
 0.006993006993006993
 0.04347826086956522
 0.004347826086956522
 0.05263157894736842
 0.01217038539553753
 0.00315955766192733
 0.004405286343612335
 0.002538071065989848
 0.03092783505154639
 0.0008
 0.01282051282051282
 0.0196078431372549
 0.01
 0.001194743130227001
 0.003448275862068965
 0.02857142857142857
 0.01176470588235294
 0.02
 0.02
 0.009868421052631578
 0.01176470588235294
 0.006666666666666667
 0.006666666666666667
 0.003333333333333334
 0.003333333333333334
 0.003333333333333334
 0.004347826086956522
 0.05
 0.01739130434782609
 0.001428571428571429
 0.001428571428571429
 0.005714285714285714
 0.01
 0.02857142857142857
 0.0125
 0.05882352941176471
 0.005714285714285714
 0.01142857142857143
 0.007911392405063292
 0.008333333333333333
 0.01639344262295082
 0.125
 0.001633986928104575
 0.02
 0.5
 0.03571428571428571
 0.004
 0.001818181818181818
 0.001818181818181818
 0.001818181818181818
 0.1111111111111111
 0.005
 0.005
 0.0001704158145875937
 0.004166666666666667
 0.003076923076923077
 0.01785714285714286
 0.005050505050505051
 0.005050505050505051
 0.005714285714285714
 0.005714285714285714
 0.04166666666666666
 0.001923076923076923
 0.05
 0.007692307692307693
 0.0625
 0.25
 0.004347826086956522
 0.008130081300813009
 0.25
 0.02857142857142857
 0.1
 0.03125
 0.03125
 0.04166666666666666
 0.005405405405405406
 0.025
 0.025
 0.005
 0.01
 0.04
 0.006666666666666667
 0.006666666666666667
 0.05
 0.05
 0.006666666666666667
 0.003333333333333334
 0.00625
 0.0125
 0.01111111111111111
 0.004
 0.01428571428571429
 0.01428571428571429
 0.02857142857142857
 0.01052631578947368
 0.002906976744186046
 0.01
 0.01176470588235294
 0.01538461538461539
 0.0004084967320261438
 0.004347826086956522
 0.02857142857142857
 0.00625
 0.01428571428571429
 0.01739130434782609
 0.0005263157894736842
 0.0005263157894736842
 0.05
 0.05
 0.05
 0.05
 0.005
 0.01
 0.05
 0.1
 0.05
 0.005882352941176471
 0.005882352941176471
 0.005882352941176471
 0.005882352941176471
 0.0002074688796680498
 0.01666666666666667
 0.005714285714285714
 0.002857142857142857
 0.01111111111111111
 0.04
 0.01176470588235294
 0.01639344262295082
 0.001176470588235294
 0.02
 0.01666666666666667
 0.01666666666666667
 0.005263157894736842
 0.006666666666666667
 0.02631578947368421
 0.008
 0.008
 0.002702702702702703
 0.004081632653061225
 0.002
 0.006
 0.005714285714285714
 0.01754385964912281
 0.01449275362318841
 0.004640371229698376
 0.01333333333333333
 0.03333333333333333
 0.01666666666666667
 0.001052631578947368
 0.004210526315789474
 0.003157894736842105
 0.0125
 0.015625
 0.046875
 0.125
 0.1052631578947368
 0.125
 0.02666666666666667
 0.025
 0.125
 0.125
 0.0125
 0.0125
 0.01111111111111111
 0.01111111111111111
 0.005
 0.0025
 0.0025
 0.01052631578947368
 0.01818181818181818
 0.01818181818181818
 0.007142857142857143
 0.125
 0.0005405405405405405
 0.0005405405405405405
 0.002785515320334262
 0.005263157894736842
 0.006666666666666667
 0.0009090909090909091
 0.0009090909090909091
 0.0009090909090909091
 0.002
 0.012
 0.004545454545454545
 0.2
 0.00909090909090909
 0.006302521008403362
 0.002100840336134454
 0.0007407407407407407
 0.001481481481481481
 0.0007407407407407407
 0.00625
 0.01111111111111111
 0.007272727272727273
 0.03225806451612903
 0.03225806451612903
 0.03225806451612903
 0.03225806451612903
 0.01428571428571429
 0.002857142857142857
 0.004444444444444444
 0.0125
 0.0025
 0.0025
 0.0025
 0.0025
 0.002112676056338028
 0.003333333333333334
 0.006666666666666667
 0.004137931034482759
 0.005
 0.005
 0.015
 0.003636363636363636
 0.01123595505617977
 0.005333333333333333
 0.002702702702702703
 0.002702702702702703
 0.0025
 0.0025
 0.02
 0.005
 0.005945945945945946
 0.125
 6.25e-05
 0.000125
 0.008333333333333333
 0.007692307692307693
 0.007692307692307693
 0.007692307692307693
 0.007692307692307693
 0.006451612903225806
 0.003225806451612903
 0.003225806451612903
 0.003225806451612903
 0.003225806451612903
 0.01
 0.125
 0.125
 0.125
 0.003
 0.001
 0.001
 0.02352941176470588
 0.002222222222222222
 0.125
 0.001724137931034483
 0.01176470588235294
 0.01
 0.0125
 0.009523809523809525
 0.002068252326783868
 0.00909090909090909
 0.003802281368821293
 0.003802281368821293
 0.003802281368821293
 0.0125
 0.02857142857142857
 0.2
 0.007272727272727273
 0.01020408163265306
 0.02
 4.166666666666667e-05
 4.166666666666667e-05
 0.000125
 4.166666666666667e-05
 4.166666666666667e-05
 0.0005633802816901409
 0.01666666666666667
 0.0001724137931034483
 0.002702702702702703
 0.002702702702702703
 0.005405405405405406
 0.02
 0.02
 0.125
 0.125
 0.125
 0.006666666666666667
 0.006666666666666667
 0.006666666666666667
 0.00909090909090909
 0.00909090909090909
 0.00909090909090909
 0.01
 0.03333333333333333
 0.002325581395348837
 0.006060606060606061
 0.00909090909090909
 0.00909090909090909
 0.0004545454545454545
 0.00625
 0.00625
 0.03636363636363636
 0.01333333333333333
 0.02666666666666667
 0.01
 0.0106951871657754
 0.02
 0.006666666666666667
 0.05714285714285714
 0.04761904761904762
 0.01587301587301587
 0.04444444444444445
 0.02222222222222222
 0.0005128205128205128
 0.0005128205128205128
 0.0005128205128205128
 0.003636363636363636
 0.003636363636363636
 0.05
 0.04166666666666666
 0.01111111111111111
 0.01666666666666667
 0.006097560975609756
 0.001176470588235294
 0.005882352941176471
 0.01176470588235294
 0.01176470588235294
 0.004444444444444444
 0.004444444444444444
 0.004444444444444444
 0.01
 0.01
 0.01
 0.01
 0.005555555555555556
 0.0009803921568627451
 0.007142857142857143
 0.01428571428571429
 0.005
 0.005
 0.01152737752161383
 0.006666666666666667
 0.003333333333333334
 0.003333333333333334
 0.00390625
 0.01818181818181818
 0.01818181818181818
 0.01818181818181818
 0.001666666666666667
 0.01111111111111111
 0.01111111111111111
 0.02857142857142857
 0.02857142857142857
 0.003571428571428571
 0.003571428571428571
 0.006060606060606061
 0.006060606060606061
 0.001818181818181818
 0.004
 0.004
 0.1
 0.005


# name: mtgsloc
# type: matrix
# rows: 426
# columns: 1
 0.075
 0.06
 0.06
 0.2786885245901639
 0.04166666666666666
 0.04166666666666666
 0.06
 0.06
 0.06666666666666667
 0.05714285714285714
 0.07142857142857142
 0.08421052631578947
 1.288135593220339
 0.006896551724137931
 0.1666666666666667
 0.1530612244897959
 0.03623188405797102
 0.3076923076923077
 0.103448275862069
 0.02226345083487941
 0.02226345083487941
 0.1428571428571428
 0.078125
 0.625
 0.07722007722007722
 0.1
 0.04019292604501608
 0.07894736842105263
 0.03448275862068965
 0.02857142857142857
 0.4375
 0.4375
 0.006730769230769231
 0.08
 0.1666666666666667
 0.08333333333333333
 0.002678571428571429
 0.09677419354838709
 0.09803921568627451
 0.0460122699386503
 0.125
 0.02012072434607646
 0.02012072434607646
 0.1428571428571428
 0.02645502645502645
 0.01030927835051546
 0.006756756756756757
 0.1290322580645161
 0.02419354838709677
 0.02631578947368421
 0.0375
 0.03134796238244514
 0.06289308176100629
 0.1059322033898305
 0.03653190452995616
 0.03653190452995616
 0.09375
 0.125
 0.125
 0.07000000000000001
 0.1234567901234568
 0.0661625708884688
 0.05540166204986149
 0.1359223300970874
 0.03125
 0.01639344262295082
 0.01470588235294118
 0.310077519379845
 0.01861042183622829
 0.03389830508474576
 0.2045454545454546
 0.1481481481481481
 0.1398601398601399
 0.4347826086956522
 0.06521739130434782
 1.842105263157895
 0.05070993914807302
 0.07109004739336493
 0.06607929515418502
 0.06345177664974619
 0.2061855670103093
 0.024
 0.0641025641025641
 0.05882352941176471
 0.06
 0.01792114695340502
 0.05172413793103448
 0.1
 0.1176470588235294
 0.2
 0.2
 0.09868421052631579
 0.3529411764705883
 0.03333333333333333
 0.03333333333333333
 0.03333333333333333
 0.1
 0.1
 0.04347826086956522
 0.75
 0.1739130434782609
 0.03571428571428571
 0.03571428571428571
 0.05714285714285714
 0.075
 0.4285714285714285
 0.375
 0.5882352941176471
 0.1714285714285714
 0.1714285714285714
 0.03955696202531646
 0.08333333333333333
 0.3278688524590164
 0.625
 0.02450980392156863
 0.3
 10
 6.428571428571429
 0.06
 0.02181818181818182
 0.02181818181818182
 0.02181818181818182
 1.666666666666667
 0.15
 0.15
 0.0008520790729379687
 0.0625
 0.09230769230769231
 0.3571428571428572
 0.101010101010101
 0.101010101010101
 0.08571428571428572
 0.08571428571428572
 0.4166666666666667
 0.01923076923076923
 0.3
 0.1538461538461539
 0.15625
 1.25
 0.06521739130434782
 0.2439024390243902
 1.25
 0.2428571428571429
 0.25
 0.3125
 0.15625
 0.2083333333333333
 0.1621621621621622
 0.125
 0.125
 0.2
 0.15
 0.3
 0.1333333333333333
 0.1333333333333333
 1.5
 1.5
 0.06666666666666667
 0.06666666666666667
 0.1875
 0.1875
 0.3333333333333333
 0.12
 0.1428571428571428
 0.1428571428571428
 0.1428571428571428
 0.3157894736842105
 0.02906976744186046
 0.15
 0.1764705882352941
 0.2307692307692308
 0.002042483660130719
 0.04347826086956522
 0.1428571428571428
 0.1875
 0.07142857142857142
 0.02173913043478261
 0.01578947368421053
 0.01578947368421053
 1.5
 1.5
 0.475
 1.5
 0.15
 0.15
 1.5
 1.5
 1.5
 0.08823529411764706
 0.08823529411764706
 0.08823529411764706
 0.08823529411764706
 0.006224066390041493
 0.5
 0.04285714285714286
 0.04285714285714286
 0.2222222222222222
 0.4
 0.3529411764705883
 0.5573770491803278
 0.02352941176470588
 0.2
 0.25
 0.25
 0.05263157894736842
 0.18
 0.7894736842105263
 0.04
 0.04
 0.02702702702702703
 0.1224489795918367
 0.142
 0.142
 0.08571428571428572
 0.1754385964912281
 0.007246376811594203
 0.009280742459396751
 0.06666666666666667
 0.6666666666666666
 0.1666666666666667
 0.03157894736842105
 0.03157894736842105
 0.03157894736842105
 0.1
 0.34375
 0.34375
 0.625
 1.263157894736842
 0.25
 0.05333333333333334
 0.375
 0.5
 0.75
 0.375
 0.375
 0.1
 0.1
 0.075
 0.075
 0.075
 0.2631578947368421
 0.2181818181818182
 0.2181818181818182
 0.1071428571428571
 1.25
 0.02162162162162162
 0.02162162162162162
 0.08356545961002786
 0.7263157894736842
 0.1
 0.01363636363636364
 0.01363636363636364
 0.01363636363636364
 0.06
 0.06
 0.09090909090909091
 6
 0.1818181818181818
 0.01050420168067227
 0.01050420168067227
 0.02222222222222222
 0.02222222222222222
 0.02222222222222222
 0.09375
 0.1666666666666667
 0.03272727272727273
 1.032258064516129
 1.032258064516129
 1.032258064516129
 1.032258064516129
 0.2857142857142857
 0.04285714285714286
 0.05777777777777778
 0.075
 0.075
 0.075
 0.075
 0.075
 0.02112676056338028
 0.03333333333333333
 0.03333333333333333
 0.04137931034482759
 0.1
 0.1
 0.1
 0.05454545454545454
 0.3370786516853932
 0.032
 0.08108108108108109
 0.08108108108108109
 0.075
 0.075
 0.2
 0.2
 0.01243243243243243
 2.5
 0.0009375
 0.0009375
 0.1
 0.3461538461538461
 0.07692307692307693
 0.07692307692307693
 0.07692307692307693
 0.04838709677419355
 0.04838709677419355
 0.04838709677419355
 0.04838709677419355
 0.02903225806451613
 0.15
 1.25
 0.625
 1.125
 0.015
 0.03
 0.03
 0.2352941176470588
 0.04444444444444445
 0.375
 0.1120689655172414
 0.2941176470588235
 0.26
 0.2875
 0.1904761904761905
 0.03877973112719752
 0.4090909090909091
 0.07604562737642585
 0.07604562737642585
 0.07604562737642585
 0.525
 0.1428571428571428
 5
 0.05454545454545454
 0.2346938775510204
 0.24
 0.00125
 0.00125
 0.00125
 0.00125
 0.00125
 0.002676056338028169
 0.3333333333333333
 0.002586206896551724
 0.05405405405405406
 0.05405405405405406
 0.05405405405405406
 0.18
 0.18
 0.625
 0.625
 0.625
 0.1133333333333333
 0.1133333333333333
 0.1133333333333333
 0.1363636363636364
 0.1363636363636364
 0.1363636363636364
 0.1
 0.5
 0.02325581395348837
 0.2121212121212121
 0.3181818181818182
 0.3181818181818182
 0.01181818181818182
 0.09375
 0.09375
 0.09090909090909091
 0.1333333333333333
 0.1333333333333333
 0.3
 0.053475935828877
 0.14
 0.14
 0.4857142857142857
 0.1587301587301587
 0.1587301587301587
 0.6666666666666666
 0.6666666666666666
 0.009743589743589744
 0.009743589743589744
 0.009743589743589744
 0.03636363636363636
 0.03636363636363636
 0.625
 0.4166666666666667
 0.1111111111111111
 0.1
 0.06097560975609756
 0.01529411764705882
 0.08823529411764706
 0.2352941176470588
 0.2352941176470588
 0.1111111111111111
 0.1111111111111111
 0.1111111111111111
 0.35
 0.3
 0.3
 0.3
 0.03888888888888889
 0.01470588235294118
 0.07142857142857142
 0.07142857142857142
 0.075
 0.075
 0.1210374639769452
 0.1
 0.01333333333333333
 0.01333333333333333
 1.0234375
 0.4545454545454545
 0.4545454545454545
 0.4545454545454545
 0.1
 0.3333333333333333
 0.3333333333333333
 0.3
 0.3
 0.025
 0.025
 0.06060606060606061
 0.06060606060606061
 0.03636363636363636
 0.048
 0.048
 0.8
 0.045


# name: mu
# type: matrix
# rows: 1
# columns: 2
 -2 2


# name: n
# type: scalar
100


# name: prepage
# type: matrix
# rows: 491
# columns: 1
 6.153846153846154
 1.466666666666667
 1.466666666666667
 5.064102564102564
 5.064102564102564
 7
 4.464285714285714
 10
 10
 6.190476190476191
 2.115384615384615
 2.115384615384615
 3.137254901960784
 1.805555555555556
 5.555555555555555
 31.66666666666667
 13
 2.222222222222222
 8.5
 8.5
 7.166666666666667
 5.75
 2.571428571428572
 2.8125
 2.8125
 2.788461538461538
 2.788461538461538
 5.416666666666667
 2.777777777777778
 2.777777777777778
 2.5
 7
 4.428571428571429
 5
 6.71875
 1.9375
 3.333333333333333
 3
 3.259668508287293
 6.410256410256411
 9.25925925925926
 13.7037037037037
 13.7037037037037
 0.5487804878048781
 0.6081081081081081
 0.625
 0.4807692307692308
 0.9876543209876543
 5.230769230769231
 3.846153846153846
 1.730769230769231
 2.327586206896552
 2.327586206896552
 8.6
 8.6
 33.4
 33.4
 28.75
 1.357142857142857
 4.871794871794871
 10.625
 2.833333333333333
 9.6875
 9.6875
 9.6875
 3
 3
 2.638888888888889
 1.666666666666667
 1.666666666666667
 1.666666666666667
 1.527777777777778
 1.904761904761905
 5.757575757575758
 5.757575757575758
 5.757575757575758
 1.055555555555556
 4.3952802359882
 4.3952802359882
 4.3952802359882
 4.3952802359882
 4.3952802359882
 4.163701067615659
 4.163701067615659
 4.163701067615659
 1.666666666666667
 1.666666666666667
 1.666666666666667
 1.666666666666667
 1.666666666666667
 7.777777777777778
 7.777777777777778
 7.777777777777778
 7.777777777777778
 7.777777777777778
 7.777777777777778
 10.43478260869565
 10.43478260869565
 10.43478260869565
 10.43478260869565
 10.43478260869565
 4.583333333333333
 4.583333333333333
 3.697916666666667
 3.697916666666667
 3.697916666666667
 3.697916666666667
 3.697916666666667
 5.3125
 5.3125
 5.3125
 5.3125
 5.3125
 5.3125
 2.790697674418605
 2.790697674418605
 2.790697674418605
 2.790697674418605
 2.790697674418605
 2.790697674418605
 11.25
 11.25
 11.25
 11.25
 11.25
 11.25
 0.5188679245283019
 1
 1
 1
 9.473684210526315
 9.473684210526315
 9.473684210526315
 9.473684210526315
 1.185185185185185
 3.625
 1.672
 1.672
 0.6048387096774194
 0.8333333333333334
 0.8333333333333334
 1.04
 1.04
 1.763285024154589
 1.763285024154589
 2.5
 1.794871794871795
 1.551724137931034
 1.911764705882353
 0.9068627450980392
 0.6884057971014492
 0.6884057971014492
 0.7692307692307693
 1.022727272727273
 0.603448275862069
 5
 1.177266576454668
 1.177266576454668
 1.177266576454668
 1.177266576454668
 15.45454545454546
 15.45454545454546
 10
 1
 1
 6.666666666666667
 2.5
 23.75
 15.83333333333333
 8.333333333333334
 2.272727272727273
 1.673306772908367
 1.673306772908367
 1.673306772908367
 1.673306772908367
 7.5
 7.5
 7.5
 6.666666666666667
 3.461538461538462
 1.071428571428571
 2.291666666666667
 9.375
 8.75
 9.375
 9.375
 2.037037037037037
 2.037037037037037
 2.037037037037037
 2.037037037037037
 1.805555555555556
 1.805555555555556
 1.805555555555556
 9.375
 15
 15
 12.08333333333333
 9.375
 7.5
 10
 7.5
 10
 10
 11.875
 10
 12.2
 12.2
 8.75
 6.75
 6.75
 4.583333333333333
 4.047619047619047
 10
 18.33333333333333
 18.33333333333333
 18.33333333333333
 9
 7.555555555555555
 7.555555555555555
 7.555555555555555
 7.555555555555555
 7.555555555555555
 7.555555555555555
 6.25
 1.666666666666667
 2.5
 2.5
 6.25
 5.625
 0.8860759493670886
 5.28
 5.28
 5.28
 5.28
 5.28
 5.28
 3.75
 3.75
 3.75
 2.482758620689655
 2.482758620689655
 18.05084745762712
 18.05084745762712
 18.05084745762712
 1.222222222222222
 3.529411764705882
 3.529411764705882
 3.529411764705882
 3.529411764705882
 3.550295857988166
 3.550295857988166
 3.550295857988166
 1.949685534591195
 1.949685534591195
 1.949685534591195
 3.181818181818182
 3.181818181818182
 3.181818181818182
 3.387096774193548
 3.387096774193548
 3.387096774193548
 1.339285714285714
 1.339285714285714
 1.339285714285714
 1.339285714285714
 0.704225352112676
 0.704225352112676
 0.704225352112676
 0.704225352112676
 1.176470588235294
 1.176470588235294
 1.176470588235294
 1.176470588235294
 3.75
 3.75
 33.88888888888889
 33.88888888888889
 9.166666666666666
 9.166666666666666
 8.653846153846153
 8.653846153846153
 8.653846153846153
 4.772727272727272
 4.772727272727272
 4.772727272727272
 4.285714285714286
 4.285714285714286
 4.285714285714286
 1.909090909090909
 1.909090909090909
 1.909090909090909
 0.4761904761904762
 1.415094339622641
 1.415094339622641
 1.415094339622641
 1.465116279069767
 1.465116279069767
 1.465116279069767
 1.465116279069767
 16.66666666666667
 3.28125
 3.28125
 3.28125
 0.5986394557823129
 0.5986394557823129
 0.5986394557823129
 4.833333333333333
 1.799479166666667
 1.799479166666667
 3.027522935779817
 3.027522935779817
 3.027522935779817
 4.411764705882353
 4.411764705882353
 4.411764705882353
 4.411764705882353
 3.6
 3.6
 3.6
 3.6
 3.305084745762712
 3.305084745762712
 3.305084745762712
 5
 5
 5
 5
 9.117647058823529
 9.117647058823529
 11.33333333333333
 11.33333333333333
 11.33333333333333
 11.33333333333333
 1.5
 1.5
 12.33333333333333
 0.6818181818181818
 0.6818181818181818
 0.6818181818181818
 9.166666666666666
 9.166666666666666
 9.166666666666666
 30
 30
 2.916666666666667
 1.626506024096386
 1.626506024096386
 1.439393939393939
 1.439393939393939
 1.439393939393939
 2.926829268292683
 2.926829268292683
 2.926829268292683
 2.168674698795181
 2.168674698795181
 4.230769230769231
 4.230769230769231
 4.230769230769231
 7.575757575757576
 7.575757575757576
 7.575757575757576
 0.9060402684563759
 0.9060402684563759
 3.548387096774194
 3.548387096774194
 3.548387096774194
 16
 11.66666666666667
 30
 3
 3
 3
 4
 4
 27
 7.290502793296089
 7.290502793296089
 7.290502793296089
 3.296703296703297
 3.296703296703297
 3.296703296703297
 5.373134328358209
 5.373134328358209
 5.373134328358209
 5.373134328358209
 3.333333333333333
 3.083333333333333
 1.71875
 12
 4.333333333333333
 10
 10.55555555555556
 10.55555555555556
 1.666666666666667
 2.321428571428572
 8.717948717948717
 2.083333333333333
 2.083333333333333
 2.083333333333333
 2.083333333333333
 2.083333333333333
 2.083333333333333
 2.083333333333333
 5.625
 5.625
 5.625
 3.125
 3.125
 3.125
 3.333333333333333
 3.333333333333333
 3
 16.66666666666667
 2.28125
 2.15
 5.166666666666667
 18
 0.5833333333333334
 0.5833333333333334
 0.5833333333333334
 2.222222222222222
 2.222222222222222
 6.666666666666667
 6.666666666666667
 6.666666666666667
 0.6818181818181818
 0.6818181818181818
 0.6818181818181818
 1.282051282051282
 1.282051282051282
 0.2777777777777778
 0.2777777777777778
 0.625
 0.625
 0.625
 0.625
 0.7857142857142857
 0.7857142857142857
 0.7857142857142857
 0.2961672473867596
 0.2961672473867596
 0.7795698924731183
 0.7795698924731183
 0.7795698924731183
 0.5978260869565217
 0.5978260869565217
 0.4022988505747127
 0.4022988505747127
 0.4022988505747127
 0.6018518518518519
 0.6018518518518519
 0.1609848484848485
 0.1609848484848485
 0.1609848484848485
 0.4487179487179487
 0.4487179487179487
 1.041666666666667
 0.4166666666666667
 0.4166666666666667
 1.083333333333333
 1.083333333333333
 1.742957746478873
 1.742957746478873
 6.081081081081081
 6.081081081081081
 6.081081081081081
 21.66666666666667
 1.655844155844156
 1.655844155844156
 1.655844155844156
 1.655844155844156
 1.655844155844156
 1.013513513513514
 1.013513513513514
 1.013513513513514
 0.2477477477477477
 0.2477477477477477
 0.2477477477477477
 1.013513513513514
 1.013513513513514
 1.013513513513514
 2.711864406779661
 3.333333333333333
 3.333333333333333
 3.333333333333333
 28.33333333333333
 1.184210526315789
 1.184210526315789
 10.83333333333333
 10.83333333333333
 2.361111111111111


# name: prepsloc
# type: matrix
# rows: 426
# columns: 1
 0.485
 0.54
 0.54
 0.3114754098360656
 0.4375
 0.4375
 0.1
 0.1
 0.6888888888888889
 1.085714285714286
 1.285714285714286
 1.736842105263158
 10.16949152542373
 0.2689655172413793
 0.1666666666666667
 0.8673469387755102
 0.5471014492753623
 0.5384615384615384
 0.5862068965517241
 0.1892393320964749
 0.1892393320964749
 0.9285714285714286
 0.125
 0.625
 0.2702702702702703
 1.05
 0.8681672025723473
 0.5526315789473685
 0.5689655172413793
 0.9428571428571428
 2.25
 2.25
 0.9519230769230769
 0.72
 0.7777777777777778
 2
 0.3428571428571429
 1.258064516129032
 1.764705882352941
 1.134969325153374
 2.25
 1.45271629778672
 1.45271629778672
 1.714285714285714
 0.6349206349206349
 0.3422680412371134
 1.067567567567568
 1.935483870967742
 0.8709677419354839
 1.026315789473684
 1.5
 1.379310344827586
 1.792452830188679
 1.14406779661017
 0.8767657087189479
 0.8767657087189479
 4.125
 4.75
 4.75
 1.8
 2.592592592592593
 2.892249527410208
 1.49584487534626
 2.621359223300971
 1.5
 1.194379391100703
 0.6176470588235294
 1.744186046511628
 0.7196029776674938
 0.8135593220338984
 3.863636363636364
 3.148148148148148
 1.251748251748252
 3.739130434782609
 1.304347826086957
 6.315789473684211
 7.089249492900609
 1.232227488151659
 1.58590308370044
 2.131979695431472
 5.56701030927835
 1.056
 1.923076923076923
 2.205882352941177
 3.15
 1.254480286738351
 1.241379310344828
 1.214285714285714
 3.882352941176471
 2.4
 2.4
 1.25
 5
 1.2
 1.2
 1.2
 2
 2
 1.173913043478261
 3
 1.565217391304348
 1.2
 1.2
 1.542857142857143
 0.6
 2.857142857142857
 1.5
 3.382352941176471
 2.4
 2.4
 2.231012658227848
 2.25
 4.262295081967213
 7.5
 0.1797385620915033
 0.3
 20
 4.285714285714286
 1.92
 0.8181818181818182
 0.8181818181818182
 0.8181818181818182
 1.666666666666667
 0.05
 0.05
 0.02385821404226312
 0.5
 2.215384615384616
 8.035714285714286
 1.060606060606061
 1.060606060606061
 1.714285714285714
 1.714285714285714
 4.583333333333333
 0.2884615384615384
 4.5
 2.884615384615385
 4.6875
 30
 0.7173913043478261
 2.113821138211382
 30
 2.571428571428572
 6
 3.75
 3.75
 5
 1.324324324324324
 4.875
 4.875
 4.8
 0.9
 3.6
 1.2
 1.2
 12
 12
 1
 1
 3.1875
 3.1875
 1.333333333333333
 2.04
 3
 3
 3
 0.8947368421052632
 0.3052325581395349
 0.9
 5.058823529411764
 0.9230769230769231
 0.07352941176470588
 1.173913043478261
 1.071428571428571
 2.25
 0.8571428571428571
 1.478260869565217
 0.1368421052631579
 0.1368421052631579
 3
 3
 4.5
 3
 1.9
 1.9
 3.75
 3.75
 3.75
 1.058823529411765
 1.058823529411765
 1.058823529411765
 1.058823529411765
 0.03215767634854771
 1.5
 3.085714285714286
 3.085714285714286
 2.333333333333333
 1.8
 1.235294117647059
 2.704918032786885
 0.3352941176470588
 6.3
 3.5
 3.5
 1.473684210526316
 2
 3.421052631578947
 1.44
 1.44
 1.783783783783784
 0.2448979591836735
 1.14
 1.14
 1.2
 2.894736842105263
 0.5072463768115942
 0.3016241299303944
 0.8666666666666667
 3
 2.25
 1.347368421052632
 1.347368421052632
 1.347368421052632
 2.25
 2.265625
 2.265625
 5.75
 5
 15
 2.4
 4.5
 11.375
 15
 3
 3
 2.666666666666667
 2.666666666666667
 0.975
 0.975
 0.975
 3.789473684210526
 5.818181818181818
 5.818181818181818
 3.214285714285714
 15
 0.6108108108108108
 0.6108108108108108
 1.894150417827298
 1.526315789473684
 1.1
 0.3545454545454546
 0.3545454545454546
 0.3545454545454546
 0.36
 0.36
 4.318181818181818
 18
 3
 2.457983193277311
 2.457983193277311
 1.133333333333333
 1.133333333333333
 1.133333333333333
 1.125
 4
 0.4909090909090909
 11.12903225806452
 11.12903225806452
 11.12903225806452
 11.12903225806452
 1.571428571428571
 0.9428571428571428
 1.066666666666667
 0.9
 0.9
 0.9
 0.9
 0.9
 0.2711267605633803
 0.5
 0.5
 0.496551724137931
 1.35
 1.35
 1.35
 1.527272727272727
 2.02247191011236
 0.5733333333333334
 0.5675675675675675
 0.5675675675675675
 0.6
 0.6
 1.225
 1.225
 0.3567567567567568
 2.5
 0.106875
 0.106875
 2.25
 2.076923076923077
 0.5
 0.5
 0.5
 1.645161290322581
 1.645161290322581
 1.645161290322581
 1.645161290322581
 1.354838709677419
 1.5
 11.875
 8.75
 9.625
 0.33
 0.18
 0.18
 2.705882352941177
 0.6
 16.875
 1.267241379310345
 3.176470588235294
 3
 4.125
 2.571428571428572
 1.140124095139607
 2.636363636363636
 1.045627376425855
 1.045627376425855
 1.045627376425855
 4.5
 4.285714285714286
 25
 0.1090909090909091
 3.561224489795918
 1.5
 0.09395833333333334
 0.09395833333333334
 0.09395833333333334
 0.09395833333333334
 0.09395833333333334
 0.1183098591549296
 5
 0.1551724137931035
 1.135135135135135
 1.135135135135135
 1.135135135135135
 7
 7
 10
 10
 10
 1.7
 1.7
 1.7
 2.454545454545455
 2.454545454545455
 2.454545454545455
 2.725
 4.666666666666667
 1.116279069767442
 2.363636363636364
 4.909090909090909
 4.909090909090909
 0.1636363636363636
 0.578125
 0.578125
 0.9090909090909091
 4
 4
 3
 4.037433155080214
 4.4
 4.4
 5.142857142857143
 2.380952380952381
 2.380952380952381
 4.666666666666667
 4.666666666666667
 1.287179487179487
 1.287179487179487
 1.287179487179487
 1.090909090909091
 1.090909090909091
 12.125
 13.95833333333333
 3.666666666666667
 3.583333333333333
 1.036585365853659
 0.7764705882352941
 3.411764705882353
 3.529411764705882
 3.529411764705882
 1.466666666666667
 1.466666666666667
 1.466666666666667
 3
 3.1
 3.1
 3.1
 2.944444444444445
 1.117647058823529
 3.357142857142857
 2.142857142857143
 1.5
 1.5
 1.357348703170029
 1
 1.2
 1.2
 2.578125
 4.909090909090909
 4.909090909090909
 4.909090909090909
 2.325
 1.333333333333333
 1.333333333333333
 3.428571428571428
 3.428571428571428
 0.8571428571428571
 0.8571428571428571
 2.424242424242424
 2.424242424242424
 0.8727272727272727
 1.68
 1.68
 4.5
 1.2


# name: sigma
# type: matrix
# rows: 2
# columns: 2
 1 0.5
 0.5 1


# name: sigmq
# type: matrix
# rows: 2
# columns: 2
 1 0.5
 0.5 1


# name: vprime
# type: matrix
# rows: 2
# columns: 2
 -0.7327234890479596 0.6805264789832829
 0.6805264789832829 0.7327234890479596


# name: x
# type: matrix
# rows: 1
# columns: 1000
 1 2 1 -1 0 -1 -1 0 -1 -1 0 1 1 2 3 1 -2 -1 1 2 1 -1 0 -1 -1 -2 -3 -5 -8 -3 -11 -8 3 11 14 25 11 36 47 11 -36 -25 -61 -36 -97 -133 -230 -363 -593 -956 -363 -1319 -1682 -363 -2045 -1682 363 -1319 -956 -2275 -3231 -956 -4187 -5143 -9330 -14473 -23803 -9330 -33133 -23803 -56936 -80739 -23803 -104542 -128345 -23803 104542 80739 -23803 -104542 -128345 -232887 -361232 -594119 -232887 361232 594119 232887 827006 1059893 232887 -827006 -594119 232887 -361232 -128345 -489577 -361232 -850809 -1212041 -361232 -1573273 -1934505 -361232 1573273 1934505 361232 -1573273 -1212041 361232 1573273 1934505 361232 2295737 1934505 -361232 -2295737 -1934505 -4230242 -2295737 1934505 4230242 2295737 6525979 8821716 15347695 6525979 -8821716 -2295737 6525979 4230242 -2295737 -6525979 -4230242 2295737 -1934505 361232 -1573273 -1934505 -361232 1573273 1934505 3507778 5442283 8950061 14392344 5442283 19834627 14392344 34226971 19834627 54061598 34226971 88288569 54061598 142350167 88288569 230638736 142350167 372988903 515339070 888327973 372988903 -515339070 -888327973 -372988903 515339070 142350167 657689237 515339070 1173028307 1688367377 515339070 2203706447 2719045517 515339070 -2203706447 -1688367377 -3892073824 -2203706447 1688367377 3892073824 5580441201 9472515025 3892073824 -5580441201 -9472515025 -3892073824 5580441201 9472515025 3892073824 13364588849 9472515025 22837103874 32309618899 9472515025 41782133924 51254648949 9472515025 60727163974 70199678999 9472515025 79672194024 70199678999 149871873023 220071552022 70199678999 290271231021 360470910020 650742141041 290271231021 941013372062 1231284603083 290271231021 -941013372062 -1231284603083 -2172297975145 -3403582578228 -1231284603083 -4634867181311 -3403582578228 1231284603083 -2172297975145 -3403582578228 -1231284603083 -4634867181311 -5866151784394 -10501018965705 -4634867181311 -15135886147016 -19770753328327 -34906639475343 -54677392803670 -19770753328327 -74448146131997 -54677392803670 -129125538935667 -74448146131997 54677392803670 -19770753328327 -74448146131997 -54677392803670 19770753328327 -34906639475343 -15135886147016 -50042525622359 -34906639475343 15135886147016 50042525622359 65178411769375 115220937391734 180399349161109 295620286552843 115220937391734 -180399349161109 -295620286552843 -115220937391734 -410841223944577 -295620286552843 -706461510497420 -410841223944577 -1117302734441997 -706461510497420 -1823764244939417 -2530225755436837 -706461510497420 -3236687265934257 -3943148776431677 -706461510497420 3236687265934257 3943148776431677 706461510497420 -3236687265934257 -3943148776431677 -706461510497420 3236687265934257 3943148776431677 7179836042365934 1.112298481879761e+16 3943148776431678 -7179836042365934 -1.112298481879761e+16 -1.830282086116354e+16 -7179836042365932 -2.548265690352948e+16 -1.830282086116354e+16 7179836042365932 2.548265690352948e+16 3.266249294589541e+16 7179836042365932 3.984232898826134e+16 4.702216503062728e+16 7179836042365936 -3.984232898826134e+16 -3.266249294589541e+16 7179836042365936 3.984232898826134e+16 4.702216503062728e+16 8.686449401888862e+16 3.984232898826134e+16 1.2670682300715e+17 8.686449401888862e+16 2.135713170260386e+17 3.004358110449272e+17 5.140071280709658e+17 2.135713170260386e+17 -3.004358110449272e+17 -5.140071280709658e+17 -8.14442939115893e+17 -1.328450067186859e+18 -5.140071280709658e+17 -1.842457195257825e+18 -2.356464323328791e+18 -5.14007128070966e+17 1.842457195257825e+18 2.356464323328791e+18 5.14007128070966e+17 -1.842457195257825e+18 -2.356464323328791e+18 -4.198921518586615e+18 -6.555385841915405e+18 -1.075430736050202e+19 -4.198921518586615e+18 -1.495322887908864e+19 -1.075430736050202e+19 -2.570753623959066e+19 -3.646184360009268e+19 -1.075430736050202e+19 -4.72161509605947e+19 -5.797045832109672e+19 -1.051866092816914e+20 -1.631570676027882e+20 -2.683436768844796e+20 -4.315007444872677e+20 -1.631570676027882e+20 -5.946578120900558e+20 -4.315007444872677e+20 1.631570676027882e+20 -2.683436768844795e+20 -1.051866092816914e+20 -3.735302861661709e+20 -4.787168954478622e+20 -8.522471816140331e+20 -3.735302861661709e+20 -1.225777467780204e+21 -1.599307753946375e+21 -2.825085221726579e+21 -1.225777467780204e+21 1.599307753946375e+21 3.735302861661709e+20 1.972838040112546e+21 2.346368326278717e+21 3.735302861661709e+20 2.719898612444888e+21 3.093428898611058e+21 3.735302861661709e+20 -2.719898612444888e+21 -3.093428898611058e+21 -5.813327511055946e+21 -8.906756409667004e+21 -1.472008392072295e+22 -5.813327511055946e+21 -2.053341143177889e+22 -2.634673894283484e+22 -4.688015037461374e+22 -2.053341143177889e+22 -6.741356180639263e+22 -4.688015037461374e+22 -1.142937121810064e+23 -1.611738625556201e+23 -2.754675747366264e+23 -4.366414372922465e+23 -7.12109012028873e+23 -2.754675747366264e+23 -9.875765867654995e+23 -7.12109012028873e+23 2.754675747366265e+23 9.875765867654995e+23 1.263044161502126e+24 2.754675747366265e+23 -9.875765867654995e+23 -1.263044161502126e+24 -2.250620748267626e+24 -3.513664909769752e+24 -5.764285658037377e+24 -2.250620748267626e+24 3.513664909769752e+24 1.263044161502126e+24 -2.250620748267626e+24 -3.513664909769752e+24 -1.263044161502126e+24 2.250620748267626e+24 9.875765867655e+23 3.238197335033126e+24 4.225773921798626e+24 7.463971256831752e+24 3.238197335033126e+24 1.070216859186488e+25 1.3940365926898e+25 3.238197335033126e+24 -1.070216859186488e+25 -1.3940365926898e+25 -3.238197335033126e+24 -1.717856326193113e+25 -1.3940365926898e+25 3.238197335033126e+24 -1.070216859186488e+25 -7.463971256831752e+24 3.238197335033126e+24 -4.225773921798626e+24 -9.875765867655e+23 3.238197335033126e+24 2.250620748267626e+24 -9.875765867655e+23 -3.238197335033126e+24 -2.250620748267626e+24 9.875765867655e+23 3.238197335033126e+24 4.225773921798626e+24 9.875765867655e+23 5.213350508564126e+24 4.225773921798626e+24 9.439124430362752e+24 1.366489835216138e+25 2.310402278252413e+25 9.439124430362752e+24 3.254314721288688e+25 2.310402278252413e+25 -9.439124430362752e+24 -3.254314721288688e+25 -4.198227164324964e+25 -9.439124430362756e+24 3.254314721288688e+25 2.310402278252413e+25 5.564716999541101e+25 7.875119277793514e+25 1.343983627733462e+26 2.131495555512813e+26 7.875119277793514e+25 -1.343983627733462e+26 -5.564716999541101e+25 7.875119277793514e+25 2.310402278252413e+25 -5.564716999541101e+25 -7.875119277793514e+25 -2.310402278252413e+25 -1.018552155604593e+26 -7.875119277793514e+25 2.310402278252413e+25 1.018552155604593e+26 7.875119277793514e+25 1.806064083383944e+26 2.593576011163295e+26 4.399640094547239e+26 6.993216105710535e+26 1.139285620025777e+27 1.838607230596831e+27 2.977892850622608e+27 4.816500081219439e+27 7.794392931842047e+27 1.261089301306149e+28 4.816500081219439e+27 1.742739309428092e+28 2.224389317550036e+28 3.967128626978128e+28 6.191517944528165e+28 1.015864657150629e+29 1.635016451603446e+29 2.650881108754075e+29 4.285897560357521e+29 1.635016451603446e+29 5.920914011960967e+29 7.555930463564413e+29 1.635016451603446e+29 -5.920914011960967e+29 -7.555930463564413e+29 -1.635016451603446e+29 -9.190946915167859e+29 -7.555930463564413e+29 1.635016451603446e+29 9.190946915167859e+29 7.555930463564413e+29 -1.635016451603446e+29 -9.190946915167859e+29 -7.555930463564413e+29 -1.674687737873227e+30 -2.430280784229669e+30 -7.555930463564413e+29 -3.18587383058611e+30 -2.430280784229669e+30 -5.616154614815779e+30 -3.18587383058611e+30 -8.802028445401889e+30 -1.1987902275988e+31 -2.078993072138989e+31 -8.802028445401889e+30 -2.959195916679178e+31 -3.839398761219367e+31 -6.798594677898545e+31 -2.959195916679178e+31 3.839398761219367e+31 6.798594677898545e+31 1.063799343911791e+32 1.743658811701646e+32 2.807458155613436e+32 4.551116967315082e+32 7.358575122928518e+32 2.807458155613436e+32 -4.551116967315082e+32 -1.743658811701646e+32 2.807458155613436e+32 1.063799343911791e+32 3.871257499525227e+32 2.807458155613436e+32 -1.063799343911791e+32 -3.871257499525227e+32 -2.807458155613436e+32 1.063799343911791e+32 -1.743658811701646e+32 -6.798594677898546e+31 1.063799343911791e+32 3.839398761219363e+31 -6.798594677898546e+31 -1.063799343911791e+32 -3.839398761219363e+31 -1.447739220033727e+32 -1.063799343911791e+32 -2.511538563945518e+32 -3.575337907857309e+32 -6.086876471802827e+32 -2.511538563945518e+32 -8.598415035748344e+32 -1.110995359969386e+33 -2.511538563945518e+32 -1.362149216363938e+33 -1.61330307275849e+33 -2.975452289122428e+33 -1.362149216363938e+33 1.61330307275849e+33 2.511538563945514e+32 1.864456929153041e+33 1.61330307275849e+33 3.477760001911531e+33 1.864456929153041e+33 5.342216931064571e+33 7.206673860217613e+33 1.254889079128218e+34 1.97555646514998e+34 7.206673860217613e+33 2.696223851171741e+34 1.97555646514998e+34 4.671780316321721e+34 2.696223851171741e+34 -1.97555646514998e+34 7.206673860217611e+33 2.696223851171741e+34 3.416891237193502e+34 6.113115088365243e+34 9.530006325558746e+34 1.564312141392399e+35 2.517312773948273e+35 4.081624915340672e+35 1.564312141392399e+35 -2.517312773948273e+35 -9.530006325558746e+34 -3.470313406504148e+35 -2.517312773948273e+35 -5.987626180452422e+35 -3.470313406504148e+35 2.517312773948273e+35 5.987626180452422e+35 3.470313406504148e+35 9.457939586956569e+35 5.987626180452421e+35 -3.470313406504148e+35 -9.457939586956569e+35 -5.987626180452421e+35 -1.544556576740899e+36 -9.457939586956569e+35 -2.490350535436556e+36 -3.436144494132213e+36 -9.457939586956569e+35 2.490350535436556e+36 1.544556576740899e+36 -9.457939586956569e+35 -2.490350535436556e+36 -3.436144494132213e+36 -5.926495029568769e+36 -9.362639523700981e+36 -1.528913455326975e+37 -2.465177407697073e+37 -3.994090863024048e+37 -6.459268270721121e+37 -2.465177407697073e+37 -8.924445678418195e+37 -1.138962308611527e+38 -2.031406876453346e+38 -8.924445678418195e+37 1.138962308611527e+38 2.031406876453346e+38 8.924445678418195e+37 2.923851444295166e+38 3.816296012136985e+38 6.740147456432151e+38 1.055644346856914e+39 3.816296012136985e+38 1.437273948070612e+39 1.818903549284311e+39 3.256177497354923e+39 1.437273948070613e+39 4.693451445425536e+39 6.130725393496149e+39 1.437273948070613e+39 7.567999341566762e+39 6.130725393496149e+39 -1.437273948070613e+39 4.693451445425536e+39 3.256177497354923e+39 7.949628942780459e+39 1.120580644013538e+40 1.915543538291584e+40 3.036124182305122e+40 4.951667720596706e+40 7.987791902901828e+40 1.293945962349853e+41 4.951667720596706e+40 1.789112734409524e+41 1.293945962349854e+41 -4.951667720596705e+40 7.987791902901831e+40 1.293945962349854e+41 2.092725152640037e+41 7.987791902901831e+40 -1.293945962349854e+41 -2.092725152640037e+41 -3.38667111498989e+41 -1.293945962349854e+41 -4.680617077339744e+41 -5.974563039689597e+41 -1.293945962349854e+41 4.680617077339744e+41 3.38667111498989e+41 -1.293945962349854e+41 2.092725152640036e+41 3.38667111498989e+41 1.293945962349854e+41 -2.092725152640036e+41 -3.38667111498989e+41 -5.479396267629926e+41 -8.866067382619816e+41 -1.434546365024974e+42 -5.479396267629927e+41 8.866067382619816e+41 1.434546365024974e+42 2.321153103286956e+42 3.75569946831193e+42 6.076852571598886e+42 2.321153103286956e+42 8.398005674885842e+42 1.07191587781728e+43 2.321153103286956e+42 -8.398005674885842e+42 -6.076852571598886e+42 -1.447485824648473e+43 -8.398005674885841e+42 -2.287286392137057e+43 -3.127086959625641e+43 -8.398005674885843e+42 2.287286392137057e+43 1.447485824648472e+43 -8.398005674885843e+42 -2.287286392137057e+43 -3.127086959625641e+43 -8.398005674885843e+42 -3.966887527114225e+43 -4.80668809460281e+43 -8.398005674885843e+42 -5.646488662091394e+43 -4.80668809460281e+43 -1.04531767566942e+44 -5.646488662091394e+43 4.80668809460281e+43 -8.398005674885843e+42 3.966887527114225e+43 4.80668809460281e+43 8.398005674885843e+42 5.646488662091394e+43 6.486289229579978e+43 8.398005674885843e+42 7.326089797068563e+43 8.165890364557147e+43 1.549198016162571e+44 2.365787052618286e+44 3.914985068780857e+44 1.549198016162571e+44 5.464183084943428e+44 3.914985068780858e+44 9.379168153724286e+44 1.329415322250514e+45 2.267332137622943e+45 9.379168153724286e+44 3.205248952995371e+45 2.267332137622943e+45 5.472581090618314e+45 7.739913228241257e+45 2.267332137622943e+45 -5.472581090618314e+45 -3.205248952995371e+45 2.267332137622943e+45 5.472581090618314e+45 7.739913228241257e+45 1.321249431885957e+46 5.472581090618315e+45 -7.739913228241257e+45 -1.321249431885957e+46 -2.095240754710083e+46 -3.41649018659604e+46 -1.321249431885957e+46 2.095240754710083e+46 7.739913228241255e+45 -1.321249431885957e+46 -5.47258109061832e+45 -1.868507540947789e+46 -1.321249431885957e+46 5.47258109061832e+45 1.868507540947789e+46 1.321249431885957e+46 -5.47258109061832e+45 -1.868507540947789e+46 -2.415765650009621e+46 -4.284273190957411e+46 -6.700038840967032e+46 -1.098431203192444e+47 -1.768435087289148e+47 -2.866866290481592e+47 -1.098431203192444e+47 -3.965297493674036e+47 -2.866866290481592e+47 1.098431203192444e+47 -1.768435087289148e+47 -6.700038840967039e+46 1.098431203192444e+47 1.768435087289148e+47 6.700038840967039e+46 -1.098431203192444e+47 -4.284273190957401e+46 6.700038840967039e+46 1.098431203192444e+47 1.768435087289148e+47 6.700038840967039e+46 2.438438971385852e+47 1.768435087289148e+47 -6.700038840967039e+46 -2.438438971385852e+47 -1.768435087289148e+47 6.700038840967039e+46 2.438438971385852e+47 1.768435087289148e+47 -6.700038840967039e+46 -2.438438971385852e+47 -3.108442855482556e+47 -5.546881826868407e+47 -8.655324682350963e+47 -3.108442855482556e+47 -1.176376753783352e+48 -8.655324682350963e+47 3.108442855482556e+47 -5.546881826868407e+47 -2.438438971385852e+47 -7.985320798254259e+47 -1.042375976964011e+48 -1.840908056789437e+48 -2.883284033753448e+48 -4.724192090542885e+48 -7.607476124296334e+48 -1.233166821483922e+49 -1.993914433913555e+49 -3.227081255397477e+49 -5.220995689311032e+49 -1.993914433913555e+49 3.227081255397477e+49 1.233166821483922e+49 4.460248076881399e+49 3.227081255397477e+49 7.687329332278876e+49 1.091441058767635e+50 3.227081255397477e+49 -7.687329332278876e+49 -1.091441058767635e+50 -3.227081255397477e+49 -1.414149184307383e+50 -1.73685730984713e+50 -3.151006494154513e+50 -4.887863804001644e+50 -1.73685730984713e+50 3.151006494154513e+50 1.414149184307383e+50 -1.73685730984713e+50 -3.151006494154513e+50 -1.414149184307383e+50 -4.565155678461896e+50 -3.151006494154513e+50 1.414149184307383e+50 4.565155678461896e+50 5.979304862769279e+50 1.054446054123117e+51 1.652376540400045e+51 5.979304862769278e+50 2.250307026676973e+51 2.848237512953901e+51 5.098544539630874e+51 7.946782052584775e+51 1.304532659221565e+52 5.098544539630872e+51 1.814387113184652e+52 1.304532659221565e+52 -5.098544539630874e+51 7.946782052584773e+51 1.304532659221565e+52 2.099210864480042e+52 3.403743523701607e+52 1.304532659221565e+52 -2.099210864480042e+52 -3.403743523701607e+52 -5.502954388181648e+52 -8.906697911883255e+52 -3.403743523701606e+52 5.502954388181648e+52 8.906697911883255e+52 1.44096523000649e+53 2.331635021194816e+53 8.906697911883255e+52 -1.44096523000649e+53 -5.502954388181648e+52 -1.991260668824655e+53 -1.44096523000649e+53 5.502954388181648e+52 -8.906697911883255e+52 -3.403743523701606e+52 5.502954388181648e+52 8.906697911883255e+52 3.403743523701606e+52 -5.502954388181648e+52 -2.099210864480042e+52 -7.60216525266169e+52 -5.502954388181648e+52 -1.310511964084334e+53 -1.860807402902499e+53 -5.502954388181648e+52 -2.411102841720664e+53 -2.961398280538828e+53 -5.372501122259491e+53 -2.411102841720663e+53 2.961398280538828e+53 5.502954388181653e+52 3.511693719356994e+53 4.061989158175158e+53 7.573682877532152e+53 1.163567203570731e+54 1.920935491323947e+54 7.573682877532154e+53 -1.163567203570731e+54 -4.061989158175157e+53 7.573682877532154e+53 1.163567203570731e+54 4.061989158175157e+53 1.569766119388247e+54 1.975965035205763e+54 3.545731154594009e+54 5.521696189799771e+54 9.067427344393781e+54 1.458912353419355e+55 5.52169618979977e+54 2.011081972399332e+55 2.563251591379309e+55 4.574333563778641e+55 2.011081972399332e+55 6.585415536177973e+55 8.596497508577306e+55 2.011081972399333e+55 -6.585415536177973e+55 -8.596497508577306e+55 -1.518191304475528e+56 -6.585415536177972e+55 8.596497508577306e+55 2.011081972399334e+55 -6.585415536177972e+55 -8.596497508577306e+55 -1.518191304475528e+56 -2.377841055333258e+56 -3.896032359808786e+56 -6.273873415142044e+56 -2.377841055333258e+56 -8.651714470475301e+56 -6.273873415142043e+56 -1.492558788561734e+57 -8.651714470475301e+56 -2.357730235609265e+57 -1.492558788561734e+57 -3.850289024170999e+57 -2.357730235609265e+57 -6.208019259780263e+57 -3.850289024170999e+57 2.357730235609264e+57 6.208019259780263e+57 3.850289024170999e+57 1.005830828395126e+58 6.208019259780263e+57 1.626632754373153e+58 1.005830828395126e+58 -6.208019259780263e+57 3.850289024170999e+57 -2.357730235609264e+57 -6.208019259780263e+57 -3.850289024170999e+57 2.357730235609264e+57 -1.492558788561735e+57 8.651714470475295e+56 2.357730235609264e+57 1.492558788561735e+57 -8.651714470475295e+56 -2.357730235609264e+57 -1.492558788561735e+57 -3.850289024170999e+57 -2.357730235609264e+57 1.492558788561735e+57 3.850289024170999e+57 2.357730235609264e+57 -1.492558788561735e+57 8.651714470475295e+56 -6.273873415142054e+56 2.377841055333241e+56 8.651714470475295e+56 6.273873415142054e+56 -2.377841055333241e+56 3.896032359808813e+56 6.273873415142054e+56 1.016990577495087e+57 3.896032359808813e+56 1.406593813475968e+57 1.016990577495087e+57 2.423584390971055e+57 3.440574968466141e+57 5.864159359437196e+57 2.423584390971055e+57 8.287743750408251e+57 1.071132814137931e+58 2.423584390971055e+57 1.313491253235036e+58 1.555849692332141e+58 2.869340945567177e+58 1.313491253235036e+58 4.182832198802213e+58 2.869340945567177e+58 7.052173144369391e+58 4.182832198802214e+58 -2.869340945567177e+58 -7.052173144369391e+58 -4.182832198802214e+58 -1.12350053431716e+59 -7.052173144369391e+58 -1.8287178487541e+59 -2.533935163191039e+59 -7.052173144369393e+58 -3.239152477627978e+59 -3.944369792064918e+59 -7.183522269692896e+59 -3.239152477627978e+59 3.944369792064918e+59 7.052173144369395e+58 4.649587106501857e+59 5.354804420938797e+59 7.052173144369395e+58 -4.649587106501857e+59 -3.944369792064918e+59 7.052173144369395e+58 4.649587106501857e+59 5.354804420938797e+59 7.052173144369395e+58 6.060021735375736e+59 6.765239049812676e+59 1.282526078518841e+60 6.060021735375736e+59 -6.765239049812676e+59 -7.052173144369395e+58 6.060021735375736e+59 6.765239049812676e+59 7.052173144369395e+58 7.470456364249616e+59 6.765239049812676e+59 1.423569541406229e+60 2.100093446387497e+60 3.523662987793726e+60 1.423569541406229e+60 4.947232529199955e+60 6.370802070606184e+60 1.423569541406229e+60 -4.947232529199955e+60 -3.523662987793726e+60 1.423569541406229e+60


# name: xbar
# type: matrix
# rows: 1
# columns: 2
 -2.022704613881785 1.870835939320544


# name: xcprime
# type: matrix
# rows: 2
# columns: 100
 0.2165389066941537 0.9573264285637662 -1.456966170852477 0.2790092372267114 0.6381052319194445 -0.1825013336721497 1.657330890503633 -1.077459272326961 -0.2445937537387994 0.3762514034583333 -0.5329517766150902 -0.3555448361418634 0.8293663931100594 1.134219198743269 0.2762914889042318 -0.7690475930650109 -1.139581351125045 1.133616739155591 1.103145077732958 -0.3410389845562358 -1.276509008071775 0.2645214237878846 -0.7270086905693578 -1.131230501728568 -0.8713224812595923 -2.043727563849673 0.6961929238539337 -1.113446075388471 1.051520791572981 0.8924755345112585 0.2842888382501767 -1.023726776669876 0.8329139697018999 0.1697375262052008 -0.2820091045649566 -1.018980184300868 -0.2203277692328651 1.340046001774069 1.471255584177081 -1.299488248930538 -0.6290091886654237 1.327554607999587 1.73273936341798 0.1408451530036872 1.033480690193703 0.3109450671701728 -0.6574861736301907 -0.6608006263134318 -0.1301037239985305 1.658278712926447 -0.8130680798957295 -0.1343115300572526 -1.877689403701258 0.8214654781183475 -0.1214153743850246 -0.7844148267958575 2.527505843580674 -1.454605796100642 -0.882408073178905 -0.6297040505349023 1.559447317434732 0.3633756139512687 0.8816801093972972 -1.175666538603412 0.9729557191354588 0.06535953721460919 0.7977533661480058 0.2603901192172058 1.409974786716734 -0.9861472833169631 -0.7383361932225352 0.4851334917275116 -0.1783170669131451 0.5097903813544875 0.8606384074041109 -0.6558414236505707 -1.128844024770983 0.6039668468478254 -0.2826515432456982 -0.1432361742602564 -1.285027954563725 -0.03869786996778579 -0.7803603295624884 -1.395063537510271 -1.269817894560958 -0.73177552949601 -0.6697028670591303 0.8755456707742195 -0.001335368693089922 1.144146118868378 0.05470019266326109 1.501052624063023 -0.993542104613796 -0.9076389711157562 0.4123095594184958 -1.007425807499851 0.3666955474233784 0.820814085175384 1.193585282993125 -0.04437647764199193
 0.233830363614846 0.1767655922117894 -1.218967099186355 -0.6521930832200447 -0.3414540247071713 -0.3352560510571898 0.482358559648115 -1.121025451777858 -1.420893634428935 1.025525102299601 0.5938255013903317 0.7458636525478441 0.7480176909111473 1.345979578309818 1.784473077042708 -1.368981492361296 0.2131364815628034 0.2895765051382071 -0.9046247070383417 -2.058102078359251 -1.084632738856029 -0.7499428068240475 0.2032165970644773 -1.301082748043025 -0.5097886417214812 -0.4255156241751723 0.4311315818046197 -1.051550186740063 0.4854657158871039 -0.3847745248301673 0.4027713974148601 0.5263993753874923 0.07101002966417402 1.512648417549348 0.5565293215848302 0.5347872306288401 0.2451084298759754 1.448036143889703 -0.4244136307629711 -1.032995869230109 0.4006600754394567 1.489248087832156 -1.034911676616365 -0.0206644977738244 0.8976991770108462 0.4053651358101868 -1.262777921710037 1.553947782186945 0.1350776938496536 0.4221708974750493 -0.1613960863620636 -0.314660012763468 -0.2481878484849513 0.3138799853911287 -0.1953096805968317 -1.515367056479939 2.020770297784135 -1.528196786208563 0.48651981188622 0.7380329935914656 -0.03421537237117067 -1.417236872214515 -1.197565610314649 -1.183824543305454 1.238760887516368 0.3161126523899154 -0.2537067968686681 -0.6926177552847639 2.074621230320206 -0.2916373575418456 0.4105186916324675 1.595414913196708 -0.7365792868088594 -0.6754919748474766 0.6566875183826673 -0.8499724076197182 -0.271170041953398 -0.3718904430702563 -1.823641490591779 1.365248714397412 -0.08188691708963458 -1.305700344963145 1.126663588128878 -0.02293266956823459 0.5825426007237469 -1.784093149881031 0.2824632723859857 0.6931634758953411 1.411952408471541 1.094727689848406 -1.38306816652554 0.65685824985492 0.738647971510626 -1.135474265254924 0.6013940249425325 0.03151645105638567 -0.01102603919027101 2.378602598051131 -0.6974653944140214 -1.286862362396267


